0 24080 11 8 15 15 48 1 0 0 0 0 0 81
0 24081 11 8 15 17 52 1 0 0 0 0 0 128
0 24082 11 9 15 3 31 1 0 0 0 0 0 289
0 24083 11 9 15 5 11 1 0 0 0 0 0 145
0 24084 11 9 15 6 46 1 0 0 0 0 0 102
0 24085 11 9 15 11 24 1 0 0 0 0 0 70
0 24086 11 9 15 13 19 1 0 0 0 0 0 119
0 24087 11 9 15 14 20 1 0 0 0 0 0 62
0 24088 11 9 15 15 30 1 0 0 0 0 0 124
0 24089 11 9 15 17 12 1 0 0 0 0 0 104
0 24090 11 9 15 19 18 1 0 0 0 0 0 112
0 24091 11 10 15 5 0 1 0 0 0 0 0 90
0 24092 11 10 15 7 44 1 0 0 0 0 0 92
0 24093 11 10 15 9 46 1 0 0 0 0 0 123
0 24097 11 10 15 20 34 1 0 0 0 0 0 128
0 24098 11 11 15 0 42 1 0 0 0 0 0 94
0 24099 11 11 15 6 27 1 0 0 0 0 0 61
0 24100 11 11 15 9 46 1 0 0 0 0 0 121
0 24101 11 11 15 11 45 1 0 0 0 0 0 143
0 24102 11 11 15 14 17 1 0 0 0 0 0 53
0 24103 11 11 15 16 42 1 0 0 0 0 0 174
0 24104 11 11 15 18 41 1 0 0 0 0 0 50
0 24105 11 11 15 19 51 1 0 0 0 0 0 108
0 24106 11 11 15 21 26 1 0 0 0 0 0 120
0 24107 11 11 15 22 23 1 0 0 0 0 0 112
0 24108 11 12 15 0 22 1 0 0 0 0 0 61
0 24109 11 12 15 4 40 1 0 0 0 0 0 51
0 24110 11 12 15 12 32 1 0 0 0 0 0 80
0 24111 11 12 15 14 11 1 0 0 0 0 0 84
0 24112 11 12 15 16 11 1 0 0 0 0 0 55
0 24113 11 12 15 19 16 1 0 0 0 0 0 96
0 24114 11 12 15 20 54 1 0 0 0 0 0 118
0 24115 11 12 15 22 37 1 0 0 0 0 0 101
0 24117 11 12 15 23 47 1 0 0 0 0 0 143
0 24118 11 13 15 2 22 1 0 0 0 0 0 160
0 24119 11 13 15 10 46 1 0 0 0 0 0 51
0 24120 11 13 15 14 6 1 0 0 0 0 0 68
0 24121 11 13 15 16 42 1 0 0 0 0 0 86
0 24122 11 13 15 20 0 1 0 0 0 0 0 208
0 24123 11 13 15 22 49 1 0 0 0 0 0 150
0 24124 11 14 15 1 15 1 0 0 0 0 0 184
0 24125 11 14 15 3 53 1 0 0 0 0 0 81
0 24126 11 14 15 5 47 1 0 0 0 0 0 44
0 24127 11 14 15 7 54 1 0 0 0 0 0 183
0 24128 11 14 15 10 50 1 0 0 0 0 0 103
0 24129 11 14 15 13 6 1 0 0 0 0 0 97
0 24130 11 14 15 18 41 1 0 0 0 0 0 99
0 24131 11 14 15 21 32 1 0 0 0 0 0 174
0 24132 11 14 15 23 34 1 0 0 0 0 0 99
0 24133 11 15 15 2 5 1 0 0 0 0 0 103
0 24134 11 15 15 14 18 1 0 0 0 0 0 93
0 24135 11 15 15 17 50 1 0 0 0 0 0 128
0 24136 11 15 15 20 52 1 0 0 0 0 0 165
0 24137 11 15 15 23 38 1 0 0 0 0 0 113
0 24138 11 16 15 2 0 1 0 0 0 0 0 145
0 24139 11 16 15 9 39 1 0 0 0 0 0 49
0 24140 11 16 15 13 22 1 0 0 0 0 0 80
0 24141 11 16 15 15 31 1 0 0 0 0 0 148
0 24142 11 16 15 18 7 1 0 0 0 0 0 149
0 24143 11 16 15 21 4 1 0 0 0 0 0 125
0 24144 11 16 15 22 35 1 0 0 0 0 0 151
0 24145 11 16 15 23 38 1 0 0 0 0 0 197
0 24146 11 17 15 11 39 1 0 0 0 0 0 48
0 24147 11 17 15 14 35 1 0 0 0 0 0 261
0 24148 11 17 15 15 46 1 0 0 0 0 0 153
0 24149 11 17 15 18 26 1 0 0 0 0 0 75
0 24150 11 17 15 20 57 1 0 0 0 0 0 67
0 24151 11 17 15 21 28 1 0 0 0 0 0 138
0 24153 11 17 15 23 39 1 0 0 0 0 0 149
0 24154 11 18 15 12 39 1 0 0 0 0 0 200
0 24155 11 18 15 13 36 1 0 0 0 0 0 153
0 24156 11 18 15 15 31 1 0 0 0 0 0 209
0 24157 11 18 15 17 27 1 0 0 0 0 0 105
0 24158 11 18 15 19 49 1 0 0 0 0 0 86
0 24160 11 18 15 21 59 1 0 0 0 0 0 183
0 24161 11 18 15 23 4 1 0 0 0 0 0 103
0 24162 11 18 15 23 52 1 0 0 0 0 0 226
0 24163 11 19 15 2 44 1 0 0 0 0 0 122
0 24164 11 19 15 11 13 1 0 0 0 0 0 132
0 24165 11 19 15 13 29 1 0 0 0 0 0 109
0 24166 11 19 15 15 46 1 0 0 0 0 0 143
0 24167 11 19 15 17 15 1 0 0 0 0 0 57
0 24168 11 19 15 19 39 1 0 0 0 0 0 62
0 24169 11 19 15 22 42 1 0 0 0 0 0 78
0 24170 11 20 15 1 20 1 0 0 0 0 0 99
0 24171 11 20 15 11 35 1 0 0 0 0 0 132
0 24172 11 20 15 13 42 1 0 0 0 0 0 164
0 24173 11 20 15 15 57 1 0 0 0 0 0 68
0 24174 11 20 15 19 6 1 0 0 0 0 0 76
0 24175 11 20 15 21 50 1 0 0 0 0 0 229
0 24176 11 21 15 1 54 1 0 0 0 0 0 114
0 24177 11 21 15 12 22 1 0 0 0 0 0 112
0 24178 11 21 15 15 15 1 0 0 0 0 0 52
0 24179 11 21 15 18 21 1 0 0 0 0 0 65
0 24180 11 22 15 11 13 1 0 0 0 0 0 288
0 24181 11 22 15 14 57 1 0 0 0 0 0 116
0 24182 11 22 15 17 50 1 0 0 0 0 0 81
0 24183 11 22 15 19 29 1 0 0 0 0 0 71
0 24184 11 22 15 21 54 1 0 0 0 0 0 146
0 24185 11 23 15 0 13 1 0 0 0 0 0 118
0 24186 11 23 15 8 35 1 0 0 0 0 0 47
0 24187 11 23 15 10 58 1 0 0 0 0 0 173
0 24188 11 23 15 14 49 1 0 0 0 0 0 115
0 24189 11 23 15 16 50 1 0 0 0 0 0 200
0 24190 11 23 15 18 44 1 0 0 0 0 0 183
0 24191 11 23 15 20 48 1 0 0 0 0 0 78
0 24192 11 23 15 21 55 1 0 0 0 0 0 106
0 24193 11 24 15 0 24 1 0 0 0 0 0 141
0 24195 11 24 15 3 44 1 0 0 0 0 0 64
0 24196 11 24 15 8 27 1 0 0 0 0 0 128
0 24198 11 24 15 13 43 1 0 0 0 0 0 118
0 24199 11 24 15 16 40 1 0 0 0 0 0 216
0 24200 11 24 15 18 10 1 0 0 0 0 0 92
0 24201 11 24 15 20 42 1 0 0 0 0 0 92
0 24202 11 24 15 23 14 1 0 0 0 0 0 97
0 24203 11 25 15 6 17 1 0 0 0 0 0 92
0 24204 11 25 15 9 31 1 0 0 0 0 0 46
0 24205 11 25 15 11 39 1 0 0 0 0 0 58
0 24206 11 25 15 13 55 1 0 0 0 0 0 47
0 24207 11 25 15 16 38 1 0 0 0 0 0 86
0 24208 11 25 15 17 25 1 0 0 0 0 0 179
0 24209 11 25 15 19 32 1 0 0 0 0 0 165
0 24210 11 25 15 21 14 1 0 0 0 0 0 76
0 24211 11 25 15 23 13 1 0 0 0 0 0 105
0 24212 11 26 15 0 39 1 0 0 0 0 0 97
0 24213 11 26 15 11 23 1 0 0 0 0 0 115
0 24214 11 26 15 13 22 1 0 0 0 0 0 186
0 24216 11 26 15 15 40 1 0 0 0 0 0 78
0 24217 11 26 15 18 30 1 0 0 0 0 0 132
0 24218 11 26 15 19 47 1 0 0 0 0 0 135
0 24219 11 26 15 22 11 1 0 0 0 0 0 237
0 24220 11 27 15 0 10 1 0 0 0 0 0 89
0 24221 11 27 15 1 6 1 0 0 0 0 0 89
0 24222 11 27 15 9 10 1 0 0 0 0 0 52
0 24223 11 27 15 14 46 1 0 0 0 0 0 85
0 24224 11 27 15 17 20 1 0 0 0 0 0 109
0 24225 11 27 15 19 55 1 0 0 0 0 0 134
0 24226 11 27 15 22 33 1 0 0 0 0 0 217
0 24227 11 28 15 1 11 1 0 0 0 0 0 154
0 24228 11 28 15 3 56 1 0 0 0 0 0 38
0 24229 11 28 15 9 36 1 0 0 0 0 0 78
0 24230 11 28 15 13 59 1 0 0 0 0 0 202
0 24231 11 28 15 17 8 1 0 0 0 0 0 192
0 24232 11 28 15 19 36 1 0 0 0 0 0 89
0 24233 11 28 15 21 55 1 0 0 0 0 0 97
0 24234 11 29 15 2 33 1 0 0 0 0 0 58
0 24235 11 29 15 5 6 1 0 0 0 0 0 121
0 24236 11 29 15 9 34 1 0 0 0 0 0 196
0 24238 11 29 15 12 42 1 0 0 0 0 0 244
0 24239 11 29 15 14 18 1 0 0 0 0 0 176
0 24240 11 29 15 16 19 1 0 0 0 0 0 164
0 24241 11 29 15 17 33 1 0 0 0 0 0 191
0 24242 11 29 15 19 11 1 0 0 0 0 0 89
0 24243 11 29 15 21 51 1 0 0 0 0 0 109
0 24244 11 30 15 0 23 1 0 0 0 0 0 106
0 24245 11 30 15 8 29 1 0 0 0 0 0 237
0 24246 11 30 15 11 20 1 0 0 0 0 0 142
0 24247 11 30 15 13 54 1 0 0 0 0 0 103
0 24248 11 30 15 14 51 1 0 0 0 0 0 143
0 24249 11 30 15 15 45 1 0 0 0 0 0 149
0 24250 11 30 15 16 53 1 0 0 0 0 0 152
0 24251 11 30 15 19 6 1 0 0 0 0 0 147
0 24252 11 30 15 23 37 1 0 0 0 0 0 151
0 24253 12 1 15 3 10 1 0 0 0 0 0 67
0 24254 12 1 15 10 22 1 0 0 0 0 0 91
0 24255 12 1 15 14 38 1 0 0 0 0 0 233
0 24256 12 1 15 17 12 1 0 0 0 0 0 66
0 24257 12 1 15 21 17 1 0 0 0 0 0 89
0 24258 12 1 15 23 20 1 0 0 0 0 0 54
0 24260 12 2 15 0 33 1 0 0 0 0 0 127
0 24261 12 2 15 6 23 1 0 0 0 0 0 52
0 24262 12 2 15 9 48 1 0 0 0 0 0 67
0 24263 12 2 15 12 34 1 0 0 0 0 0 55
0 24264 12 2 15 15 39 1 0 0 0 0 0 202
0 24265 12 2 15 18 47 1 0 0 0 0 0 97
0 24266 12 2 15 20 42 1 0 0 0 0 0 51
0 24267 12 3 15 0 21 1 0 0 0 0 0 67
0 24268 12 3 15 1 51 1 0 0 0 0 0 89
0 24269 12 3 15 10 43 1 0 0 0 0 0 249
0 24270 12 3 15 14 19 1 0 0 0 0 0 73
0 24271 12 3 15 16 4 1 0 0 0 0 0 53
0 24272 12 3 15 17 3 1 0 0 0 0 0 93
0 24273 12 3 15 18 46 1 0 0 0 0 0 155
0 24274 12 3 15 20 42 1 0 0 0 0 0 110
0 24275 12 4 15 0 11 1 0 0 0 0 0 238
0 24276 12 4 15 2 41 1 0 0 0 0 0 200
0 24277 12 4 15 5 43 1 0 0 0 0 0 157
0 24278 12 4 15 10 22 1 0 0 0 0 0 96
0 24280 12 4 15 13 8 1 0 0 0 0 0 121
0 24281 12 4 15 15 3 1 0 0 0 0 0 105
0 24282 12 4 15 18 12 1 0 0 0 0 0 91
0 24283 12 4 15 21 10 1 0 0 0 0 0 88
0 24284 12 4 15 23 56 1 0 0 0 0 0 52
0 24285 12 5 15 11 55 1 0 0 0 0 0 78
0 24286 12 5 15 13 27 1 0 0 0 0 0 140
0 24287 12 5 15 17 29 1 0 0 0 0 0 56
0 24288 12 5 15 19 39 1 0 0 0 0 0 128
0 24289 12 5 15 21 56 1 0 0 0 0 0 60
0 24290 12 5 15 23 36 1 0 0 0 0 0 63
0 24291 12 6 15 4 16 1 0 0 0 0 0 128
0 24292 12 6 15 7 4 1 0 0 0 0 0 179
0 24293 12 6 15 12 27 1 0 0 0 0 0 171
0 24294 12 6 15 15 35 1 0 0 0 0 0 55
0 24295 12 6 15 18 17 1 0 0 0 0 0 183
0 24296 12 6 15 23 21 1 0 0 0 0 0 129
0 24297 12 7 15 5 15 1 0 0 0 0 0 306
0 24298 12 7 15 11 5 1 0 0 0 0 0 190
0 24299 12 7 15 12 17 1 0 0 0 0 0 203
0 24300 12 7 15 13 46 1 0 0 0 0 0 112
0 24301 12 7 15 15 48 1 0 0 0 0 0 141
0 24302 12 7 15 23 51 1 0 0 0 0 0 124
0 24303 12 8 15 11 42 1 0 0 0 0 0 318
0 24305 12 8 15 13 38 1 0 0 0 0 0 180
0 24306 12 8 15 16 58 1 0 0 0 0 0 162
0 24307 12 9 15 1 41 1 0 0 0 0 0 227
0 24309 12 9 15 10 59 1 0 0 0 0 0 271
0 24310 12 9 15 16 13 1 0 0 0 0 0 96
0 24311 12 9 15 19 41 1 0 0 0 0 0 121
0 24312 12 9 15 22 39 1 0 0 0 0 0 199
0 24313 12 10 15 3 59 1 0 0 0 0 0 94
0 24314 12 10 15 8 30 1 0 0 0 0 0 223
0 24316 12 10 15 14 18 1 0 0 1 0 0 134
0 24317 12 10 15 18 19 1 0 0 0 0 0 49
0 24318 12 10 15 19 45 1 0 0 0 0 0 121
0 24319 12 10 15 21 31 1 0 0 0 0 0 71
0 24320 12 10 15 23 11 1 0 0 0 0 0 150
0 24321 12 11 15 0 43 1 0 0 0 0 0 209
0 24322 12 11 15 3 45 1 0 0 0 0 0 172
0 24323 12 11 15 6 18 1 0 0 0 0 0 128
0 24324 12 11 15 11 46 1 0 0 0 0 0 254
0 24325 12 11 15 13 29 1 0 0 0 0 0 79
0 24326 12 11 15 16 35 1 0 0 0 0 0 140
0 24327 12 11 15 21 23 1 0 0 0 0 0 90
0 24328 12 11 15 23 44 1 0 0 0 0 0 154
0 24329 12 12 15 4 31 1 0 0 0 0 0 137
0 24330 12 12 15 9 38 1 0 0 0 0 0 137
0 24331 12 12 15 12 56 1 0 0 0 0 0 198
0 24332 12 12 15 14 51 1 0 0 0 0 0 80
0 24333 12 12 15 20 35 1 0 0 0 0 0 219
0 24334 12 12 15 22 44 1 0 0 0 0 0 214
0 24335 12 13 15 1 30 1 0 0 0 0 0 222
0 24337 12 13 15 8 1 1 0 0 0 0 0 217
0 24338 12 13 15 10 29 1 0 0 0 0 0 84
0 24339 12 13 15 13 18 1 0 0 0 0 0 255
0 24340 12 13 15 16 25 1 0 0 0 0 0 83
0 24341 12 13 15 17 36 1 0 0 0 0 0 99
0 24342 12 13 15 19 55 1 0 0 0 0 0 116
0 24343 12 13 15 22 13 1 0 0 0 0 0 58
0 24344 12 14 15 0 39 1 0 0 0 0 0 203
0 24345 12 14 15 8 43 1 0 0 0 0 0 123
0 24346 12 14 15 17 37 1 0 0 0 0 0 108
0 24347 12 14 15 20 2 1 0 0 0 0 0 127
0 24348 12 15 15 2 29 1 0 0 0 0 0 176
0 24349 12 15 15 11 20 1 0 0 0 0 0 152
0 24350 12 15 15 17 2 1 0 0 0 0 0 66
0 24351 12 15 15 19 17 1 0 0 0 0 0 93
0 24352 12 15 15 20 39 1 0 0 0 0 0 89
0 24353 12 16 15 6 36 1 0 0 0 0 0 115
0 24354 12 16 15 11 4 1 0 0 0 0 0 56
0 24355 12 16 15 14 45 1 0 0 0 0 0 137
0 24356 12 16 15 18 33 1 0 0 0 0 0 109
0 24357 12 16 15 22 26 1 0 0 0 0 0 209
0 24358 12 17 15 2 39 1 0 0 0 0 0 117
0 24359 12 17 15 7 3 1 0 0 0 0 0 129
0 24360 12 17 15 9 18 1 0 0 0 0 0 196
0 24361 12 17 15 11 20 1 0 0 0 0 0 112
0 24362 12 17 15 15 56 1 0 0 0 0 0 179
0 24363 12 17 15 22 23 1 0 0 0 0 0 150
0 24364 12 17 15 23 53 1 0 0 0 0 0 78
0 24365 12 18 15 9 19 1 0 0 0 0 0 207
0 24366 12 18 15 14 22 1 0 0 0 0 0 105
0 24367 12 18 15 19 29 1 0 0 0 0 0 115
0 24368 12 18 15 20 47 1 0 0 0 0 0 138
0 24369 12 19 15 1 35 1 0 0 0 0 0 145
0 24370 12 19 15 9 38 1 0 0 0 0 0 142
0 24371 12 19 15 16 34 1 0 0 0 0 0 137
0 24372 12 19 15 21 12 1 0 0 0 0 0 75
0 24373 12 20 15 4 34 1 0 0 0 0 0 167
0 24374 12 20 15 12 58 1 0 0 0 0 0 71
0 24375 12 20 15 15 59 1 0 0 0 0 0 120
0 24376 12 20 15 20 1 1 0 0 0 0 0 171
0 24377 12 20 15 22 41 1 0 0 0 0 0 166
0 24378 12 21 15 7 30 1 0 0 0 0 0 230
0 24379 12 21 15 12 37 1 0 0 0 0 0 109
0 24380 12 21 15 16 35 1 0 0 0 0 0 71
0 24381 12 21 15 19 5 1 0 0 0 0 0 133
0 24382 12 21 15 21 47 1 0 0 0 0 0 112
0 24383 12 22 15 0 34 1 0 0 0 0 0 86
0 24384 12 22 15 8 45 1 0 0 0 0 0 103
0 24385 12 22 15 13 41 1 0 0 0 0 0 99
0 24386 12 22 15 15 6 1 0 0 0 0 0 125
0 24387 12 22 15 17 15 1 0 0 0 0 0 59
0 24388 12 22 15 21 41 1 0 0 0 0 0 258
0 24389 12 22 15 23 41 1 0 0 0 0 0 133
0 24390 12 23 15 2 22 1 0 0 0 0 0 109
0 24391 12 23 15 11 45 1 0 0 0 0 0 100
0 24392 12 23 15 17 48 1 0 0 0 0 0 64
0 24393 12 23 15 20 12 1 0 0 0 0 0 93
0 24394 12 24 15 0 39 1 0 0 0 0 0 57
0 24395 12 24 15 2 56 1 0 0 0 0 0 81
0 24396 12 24 15 12 0 1 0 0 0 0 0 148
0 24397 12 24 15 14 59 1 0 0 0 0 0 119
0 24398 12 25 15 1 8 1 0 0 0 0 0 48
0 24399 12 25 15 10 49 1 0 0 0 0 0 257
0 24400 12 25 15 16 39 1 0 0 0 0 0 88
0 24401 12 25 15 19 16 1 0 0 0 0 0 101
0 24402 12 26 15 0 34 1 0 0 0 0 0 263
0 24403 12 26 15 9 49 1 0 0 0 0 0 222
0 24404 12 26 15 15 14 1 0 0 0 0 0 99
0 24405 12 26 15 19 20 1 0 0 0 0 0 92
0 24406 12 26 15 21 22 1 0 0 0 0 0 162
0 24407 12 26 15 23 48 1 0 0 0 0 0 225
0 24408 12 27 15 2 6 1 0 0 0 0 0 87
0 24409 12 27 15 9 56 1 0 0 0 0 0 298
0 24410 12 27 15 11 52 1 0 0 0 0 0 139
0 24411 12 27 15 15 33 1 0 0 0 0 0 111
0 24412 12 27 15 19 58 1 0 0 0 0 0 178
0 24413 12 27 15 23 37 1 0 0 0 0 0 139
0 24414 12 28 15 1 17 1 0 0 0 0 0 63
0 24415 12 28 15 6 24 1 0 0 0 0 0 143
0 24416 12 28 15 13 36 1 0 0 0 0 0 268
0 24417 12 28 15 18 9 1 0 0 0 0 0 75
0 24418 12 28 15 19 40 1 0 0 0 0 0 138
0 24419 12 28 15 22 23 1 0 0 0 0 0 93
0 24421 12 29 15 0 26 1 0 0 0 0 0 124
0 24422 12 29 15 4 4 1 0 0 0 0 0 195
0 24423 12 29 15 8 6 1 0 0 0 0 0 136
0 24424 12 29 15 11 33 1 0 0 0 0 0 159
0 24425 12 29 15 13 9 1 0 0 0 0 0 118
0 24426 12 29 15 17 36 1 0 0 0 0 0 93
0 24427 12 29 15 20 25 1 0 0 0 0 0 144
0 24428 12 29 15 23 38 1 0 0 0 0 0 99
0 24429 12 30 15 6 16 1 0 0 0 0 0 147
0 24430 12 30 15 9 6 1 0 0 0 0 0 151
0 24431 12 30 15 10 32 1 0 0 0 0 0 76
0 24432 12 30 15 13 38 1 0 0 0 0 0 111
0 24433 12 30 15 16 41 1 0 0 0 0 0 166
0 24434 12 30 15 18 26 1 0 0 0 0 0 187
0 24435 12 30 15 20 25 1 0 0 0 0 0 201
0 24436 12 31 15 0 14 1 0 0 0 0 0 149
0 24437 12 31 15 2 15 1 0 0 0 0 0 198
0 24438 12 31 15 10 12 1 0 0 0 0 0 235
0 24439 12 31 15 11 40 1 0 0 0 0 0 148
0 24440 12 31 15 13 43 1 0 0 0 0 0 120
0 24441 12 31 15 19 38 1 0 0 0 0 0 99
0 24442 12 31 15 22 51 1 0 0 0 0 0 85
0 24443 1 1 16 1 8 1 0 0 0 0 0 154
0 24444 1 1 16 4 3 1 0 0 0 0 0 92
0 24445 1 1 16 11 28 1 0 0 0 0 0 160
0 24446 1 1 16 14 59 1 0 0 0 0 0 157
0 24447 1 1 16 18 39 1 0 0 0 0 0 82
0 24448 1 1 16 20 33 1 0 0 0 0 0 117
0 24449 1 1 16 22 58 1 0 0 0 0 0 112
0 24450 1 2 16 2 14 1 0 0 0 0 0 302
0 24451 1 2 16 8 46 1 0 0 0 0 0 150
0 24452 1 2 16 13 24 1 0 0 0 0 0 132
0 24453 1 2 16 16 24 1 0 0 0 0 0 118
0 24454 1 2 16 19 56 1 0 0 0 0 0 236
0 24455 1 2 16 22 41 1 0 0 0 0 0 161
0 24456 1 3 16 1 52 1 0 0 0 0 0 124
0 24457 1 3 16 5 40 1 0 0 0 0 0 141
0 24459 1 3 16 13 11 1 0 0 0 0 0 135
0 24460 1 3 16 15 18 1 0 0 0 0 0 232
0 24461 1 3 16 17 50 1 0 0 0 0 0 169
0 24462 1 3 16 21 49 1 0 0 0 0 0 267
0 24463 1 4 16 0 22 1 0 0 0 0 0 220
0 24464 1 4 16 4 7 1 0 0 0 0 0 112
0 24465 1 4 16 8 27 1 0 0 0 0 0 89
0 24466 1 4 16 11 53 1 0 0 0 0 0 137
0 24467 1 4 16 13 38 1 0 0 0 0 0 104
0 24468 1 4 16 16 42 1 0 0 0 0 0 95
0 24469 1 4 16 18 13 1 0 0 0 0 0 155
0 24470 1 4 16 21 8 1 0 0 0 0 0 185
0 24471 1 5 16 1 9 1 0 0 0 0 0 98
0 24472 1 5 16 11 18 1 0 0 0 0 0 54
0 24474 1 5 16 13 43 1 0 0 0 0 0 212
0 24475 1 5 16 16 53 1 0 0 0 0 0 65
0 24477 1 5 16 19 0 1 0 0 0 0 0 82
0 24478 1 5 16 22 23 1 0 0 0 0 0 143
0 24479 1 6 16 12 24 1 0 0 0 0 0 153
0 24481 1 6 16 15 56 1 0 0 0 0 0 127
0 24482 1 6 16 19 35 1 0 0 0 0 0 78
0 24483 1 7 16 0 34 1 0 0 0 0 0 126
0 24484 1 7 16 1 47 1 0 0 0 0 0 96
0 24485 1 7 16 11 18 1 0 0 0 0 0 74
0 24486 1 7 16 13 19 1 0 0 0 0 0 104
0 24487 1 7 16 16 26 1 0 0 0 0 0 150
0 24488 1 7 16 17 47 1 0 0 0 0 0 63
0 24489 1 8 16 1 15 1 0 0 0 0 0 134
0 24490 1 8 16 11 47 1 0 0 0 0 0 78
0 24491 1 8 16 14 15 1 0 0 0 0 0 119
0 24492 1 8 16 18 40 1 0 0 0 0 0 181
0 24493 1 8 16 22 16 1 0 0 0 0 0 110
0 24494 1 9 16 4 5 1 0 0 0 0 0 124
0 24495 1 9 16 12 11 1 0 0 0 0 0 91
0 24496 1 9 16 14 37 1 0 0 0 0 0 127
0 24497 1 9 16 16 32 1 0 0 0 0 0 92
0 24498 1 9 16 19 4 1 0 0 0 0 0 69
0 24499 1 9 16 22 40 1 0 0 0 0 0 90
0 24500 1 10 16 1 47 1 0 0 0 0 0 76
0 24501 1 10 16 4 10 1 0 0 0 0 0 144
0 24502 1 10 16 12 57 1 0 0 0 0 0 120
0 24503 1 10 16 17 40 1 0 0 0 0 0 67
0 24504 1 10 16 19 24 1 0 0 0 0 0 147
0 24505 1 10 16 23 51 1 0 0 0 0 0 135
0 24506 1 11 16 8 22 1 0 0 0 0 0 52
0 24507 1 11 16 9 24 1 0 0 0 0 0 153
0 24508 1 11 16 13 19 1 0 0 0 0 0 39
0 24509 1 11 16 17 50 1 0 0 0 0 0 63
0 24510 1 11 16 21 9 1 0 0 0 0 0 99
0 24511 1 12 16 0 27 1 0 0 0 0 0 202
0 24512 1 12 16 3 33 1 0 0 0 0 0 110
0 24513 1 12 16 10 45 1 0 0 0 0 0 75
0 24515 1 12 16 13 4 1 0 0 0 0 0 180
0 24516 1 12 16 14 27 1 0 0 0 0 0 32
0 24517 1 12 16 17 52 1 0 0 0 0 0 154
0 24518 1 12 16 21 15 1 0 0 0 0 0 175
0 24519 1 12 16 22 30 1 0 0 0 0 0 164
0 24520 1 13 16 0 36 1 0 0 0 0 0 70
0 24521 1 13 16 8 52 1 0 0 0 0 0 87
0 24522 1 13 16 13 42 1 0 0 0 0 0 90
0 24523 1 13 16 15 58 1 0 0 0 0 0 154
0 24524 1 13 16 18 23 1 0 0 0 0 0 53
0 24525 1 13 16 20 45 1 0 0 0 0 0 89
0 24526 1 13 16 23 26 1 0 0 0 0 0 188
0 24527 1 14 16 6 15 1 0 0 0 0 0 88
0 24529 1 14 16 9 8 1 0 0 0 0 0 106
0 24530 1 14 16 11 19 1 0 0 0 0 0 65
0 24531 1 14 16 14 27 1 0 0 0 0 0 157
0 24532 1 14 16 17 32 1 0 0 0 0 0 187
0 24533 1 14 16 20 49 1 0 0 0 0 0 80
0 24534 1 14 16 23 33 1 0 0 0 0 0 210
0 24535 1 15 16 8 4 1 0 0 0 0 0 72
0 24536 1 15 16 14 13 1 0 0 0 0 0 51
0 24537 1 15 16 18 25 1 0 0 0 0 0 124
0 24538 1 15 16 20 32 1 0 0 0 0 0 41
0 24539 1 16 16 0 3 1 0 0 0 0 0 151
0 24541 1 16 16 1 42 1 0 0 0 0 0 294
0 24542 1 16 16 12 28 1 0 0 0 0 0 163
0 24543 1 16 16 16 9 1 0 0 0 0 0 90
0 24544 1 16 16 20 10 1 0 0 0 0 0 97
0 24545 1 16 16 21 54 1 0 0 0 0 0 147
0 24546 1 16 16 23 56 1 0 0 0 0 0 117
0 24547 1 17 16 3 47 1 0 0 0 0 0 87
0 24548 1 17 16 12 5 1 0 0 0 0 0 133
0 24549 1 17 16 15 40 1 0 0 0 0 0 101
0 24550 1 17 16 19 7 1 0 0 0 0 0 150
0 24551 1 17 16 22 31 1 0 0 0 0 0 175
0 24552 1 18 16 1 58 1 0 0 0 0 0 127
0 24553 1 18 16 9 29 1 0 0 0 0 0 106
0 24554 1 18 16 13 49 1 0 0 0 0 0 89
0 24555 1 18 16 16 1 1 0 0 0 0 0 186
0 24556 1 18 16 18 59 1 0 0 0 0 0 70
0 24557 1 18 16 21 18 1 0 0 0 0 0 181
0 24558 1 19 16 0 41 1 0 0 0 0 0 139
0 24559 1 19 16 10 37 1 0 0 0 0 0 55
0 24560 1 19 16 16 15 1 0 0 0 0 0 74
0 24561 1 19 16 19 2 1 0 0 0 0 0 180
0 24562 1 20 16 0 5 1 0 0 0 0 0 155
0 24563 1 20 16 1 9 1 0 0 0 0 0 136
0 24564 1 20 16 6 20 1 0 0 0 0 0 139
0 24565 1 20 16 9 10 1 0 0 0 0 0 89
0 24566 1 20 16 15 17 1 0 0 0 0 0 133
0 24567 1 20 16 18 45 1 0 0 0 0 0 166
0 24568 1 20 16 23 43 1 0 0 0 0 0 157
0 24569 1 21 16 2 56 1 0 0 0 0 0 139
0 24570 1 21 16 12 10 1 0 0 0 0 0 66
0 24571 1 21 16 16 36 1 0 0 0 0 0 96
0 24572 1 21 16 18 23 1 0 0 0 0 0 79
0 24573 1 21 16 21 47 1 0 0 0 0 0 219
0 24574 1 22 16 0 12 1 0 0 0 0 0 132
0 24575 1 22 16 2 18 1 0 0 0 0 0 107
0 24576 1 22 16 10 2 1 0 0 0 0 0 223
0 24577 1 22 16 18 28 1 0 0 0 0 0 91
0 24578 1 22 16 23 36 1 0 0 0 0 0 234
0 24579 1 23 16 2 40 1 0 0 0 0 0 160
0 24580 1 23 16 12 4 1 0 0 0 0 0 147
0 24581 1 23 16 14 56 1 0 0 0 0 0 165
0 24582 1 23 16 14 57 1 0 0 0 0 0 107
0 24583 1 23 16 14 58 1 0 0 0 0 0 125
0 24584 1 23 16 14 59 1 0 0 0 0 0 131
0 24585 1 23 16 17 22 1 0 0 0 0 0 84
0 24586 1 23 16 20 8 1 0 0 0 0 0 110
0 24590 1 24 16 4 34 1 0 0 0 0 0 163
0 24591 1 24 16 8 3 1 0 0 0 0 0 42
0 24592 1 24 16 14 32 1 0 0 0 0 0 68
0 24593 1 24 16 17 1 1 0 0 0 0 0 108
0 24594 1 24 16 21 32 1 0 0 0 0 0 97
0 24595 1 24 16 23 36 1 0 0 0 0 0 83
0 24596 1 25 16 1 6 1 0 0 0 0 0 120
0 24597 1 25 16 4 14 1 0 0 0 0 0 154
0 24598 1 25 16 10 53 1 0 0 0 0 0 108
0 24599 1 25 16 14 43 1 0 0 0 0 0 59
0 24600 1 25 16 16 29 1 0 0 0 0 0 141
0 24601 1 25 16 21 23 1 0 0 0 0 0 115
0 24602 1 26 16 2 40 1 0 0 0 0 0 205
0 24603 1 26 16 12 6 1 0 0 0 0 0 75
0 24604 1 26 16 19 22 1 0 0 0 0 0 98
0 24605 1 26 16 23 57 1 0 0 0 0 0 89
0 24606 1 27 16 4 9 1 0 0 0 0 0 99
0 24607 1 27 16 6 33 1 0 0 0 0 0 63
0 24608 1 27 16 10 28 1 0 0 0 0 0 49
0 24609 1 27 16 12 38 1 0 0 0 0 0 51
0 24610 1 27 16 18 7 1 0 0 0 0 0 51
0 24611 1 27 16 21 22 1 0 0 0 0 0 106
0 24612 1 28 16 0 45 1 0 0 0 0 0 114
0 24613 1 28 16 13 18 1 0 0 0 0 0 86
0 24614 1 28 16 18 22 1 0 0 0 0 0 75
0 24615 1 28 16 23 17 1 0 0 0 0 0 178
0 24618 1 29 16 0 48 1 0 0 0 0 0 166
0 24619 1 29 16 5 59 1 0 0 0 0 0 130
0 24620 1 29 16 11 4 1 0 0 0 0 0 162
0 24621 1 29 16 18 37 1 0 0 0 0 0 94
0 24622 1 29 16 23 12 1 0 0 0 0 0 216
0 24623 1 30 16 2 7 1 0 0 0 0 0 261
0 24624 1 30 16 3 17 1 0 0 0 0 0 193
0 24625 1 30 16 12 2 1 0 0 0 0 0 59
0 24626 1 30 16 17 1 1 0 0 0 0 0 199
0 24627 1 30 16 20 56 1 0 0 0 0 0 124
0 24628 1 30 16 23 15 1 0 0 0 0 0 156
0 24629 1 31 16 3 59 1 0 0 0 0 0 174
0 24630 1 31 16 9 58 1 0 0 0 0 0 85
0 24631 1 31 16 14 24 1 0 0 0 0 0 295
0 24633 1 31 16 17 37 1 0 0 0 0 0 135
0 24634 2 1 16 0 23 1 0 0 0 0 0 68
0 24635 2 1 16 8 15 1 0 0 0 0 0 136
0 24636 2 1 16 16 25 1 0 0 0 0 0 118
0 24637 2 1 16 21 54 1 0 0 0 0 0 282
0 24638 2 1 16 23 55 1 0 0 0 0 0 75
0 24639 2 2 16 3 6 1 0 0 0 0 0 138
0 24640 2 2 16 9 58 1 0 0 0 0 0 159
0 24641 2 2 16 13 59 1 0 0 0 0 0 98
0 24642 2 2 16 17 6 1 0 0 0 0 0 98
0 24643 2 2 16 21 13 1 0 0 0 0 0 122
0 24644 2 2 16 22 35 1 0 0 0 0 0 69
0 24645 2 3 16 0 37 1 0 0 0 0 0 183
0 24646 2 3 16 2 47 1 0 0 0 0 0 151
0 24647 2 3 16 12 51 1 0 0 0 0 0 61
0 24648 2 3 16 15 55 1 0 0 0 0 0 255
0 24649 2 3 16 17 34 1 0 0 0 0 0 88
0 24650 2 3 16 19 49 1 0 0 0 0 0 101
0 24651 2 3 16 21 11 1 0 0 0 0 0 134
0 24652 2 3 16 23 21 1 0 0 0 0 0 78
0 24653 2 4 16 6 32 1 0 0 0 0 0 177
0 24654 2 4 16 8 36 1 0 0 0 0 0 151
0 24655 2 4 16 11 26 1 0 0 0 0 0 106
0 24656 2 4 16 14 45 1 0 0 0 0 0 144
0 24657 2 4 16 17 15 1 0 0 0 0 0 193
0 24658 2 4 16 18 46 1 0 0 0 0 0 158
0 24659 2 5 16 0 24 1 0 0 0 0 0 66
0 24660 2 5 16 2 34 1 0 0 0 0 0 106
0 24661 2 5 16 11 2 1 0 0 0 0 0 202
0 24662 2 5 16 14 55 1 0 0 0 0 0 131
0 24664 2 5 16 16 55 1 0 0 0 0 0 135
0 24665 2 5 16 21 9 1 0 0 0 0 0 127
0 24666 2 6 16 0 11 1 0 0 0 0 0 221
0 24667 2 6 16 2 42 1 0 0 0 0 0 146
0 24668 2 6 16 12 49 1 0 0 0 0 0 227
0 24669 2 6 16 14 29 1 0 0 0 0 0 108
0 24670 2 6 16 16 11 1 0 0 0 0 0 166
0 24671 2 6 16 17 50 1 0 0 0 0 0 158
0 24672 2 6 16 22 44 1 0 0 0 0 0 191
0 24673 2 7 16 0 39 1 0 0 0 0 0 110
0 24674 2 7 16 3 0 1 0 0 0 0 0 105
0 24675 2 7 16 4 58 1 0 0 0 0 0 198
0 24676 2 7 16 10 48 1 0 0 0 0 0 225
0 24677 2 7 16 12 52 1 0 0 0 0 0 166
0 24679 2 7 16 14 35 1 0 0 0 0 0 202
0 24680 2 7 16 18 6 1 0 0 0 0 0 163
0 24681 2 7 16 20 22 1 0 0 0 0 0 135
0 24682 2 7 16 21 46 1 0 0 0 0 0 195
0 24683 2 8 16 0 59 1 0 0 0 0 0 315
0 24684 2 8 16 7 23 1 0 0 0 0 0 194
0 24685 2 8 16 9 7 1 0 0 0 0 0 186
0 24686 2 8 16 12 34 1 0 0 0 0 0 182
0 24687 2 8 16 15 45 1 0 0 0 0 0 65
0 24688 2 8 16 19 10 1 0 0 0 0 0 150
0 24689 2 8 16 23 3 1 0 0 0 0 0 88
0 24690 2 9 16 10 31 1 0 0 0 0 0 322
0 24691 2 9 16 10 32 1 0 0 0 0 0 327
0 24692 2 9 16 13 47 1 0 0 0 0 0 126
0 24693 2 9 16 18 54 1 0 0 0 0 0 142
0 24694 2 9 16 21 9 1 0 0 0 0 0 288
0 24695 2 10 16 1 11 1 0 0 0 0 0 87
0 24696 2 10 16 3 21 1 0 0 0 0 0 86
0 24697 2 10 16 11 16 1 0 0 0 0 0 182
0 24698 2 10 16 13 38 1 0 0 0 0 0 67
0 24699 2 10 16 16 46 1 0 0 0 0 0 110
0 24700 2 10 16 19 5 1 0 0 0 0 0 112
0 24701 2 10 16 21 17 1 0 0 0 0 0 168
0 24702 2 10 16 23 0 1 0 0 0 0 0 168
0 24703 2 11 16 1 23 1 0 0 0 0 0 129
0 24704 2 11 16 12 31 1 0 0 0 0 0 205
0 24705 2 11 16 16 23 1 0 0 0 0 0 157
0 24706 2 11 16 18 30 1 0 0 0 0 0 54
0 24707 2 11 16 22 53 1 0 0 0 0 0 186
0 24708 2 12 16 2 44 1 0 0 0 0 0 132
0 24709 2 12 16 11 53 1 0 0 0 0 0 133
0 24710 2 12 16 17 34 1 0 0 0 0 0 138
0 24711 2 12 16 19 41 1 0 0 0 0 0 182
0 24712 2 12 16 21 44 1 0 0 0 0 0 154
0 24713 2 13 16 0 52 1 0 0 0 0 0 178
0 24714 2 13 16 11 44 1 0 0 0 0 0 79
0 24717 2 13 16 15 18 1 0 0 0 0 0 193
0 24718 2 13 16 18 55 1 0 0 0 0 0 170
0 24719 2 13 16 21 16 1 0 0 0 0 0 63
0 24720 2 14 16 0 45 1 0 0 0 0 0 115
0 24721 2 14 16 2 44 1 0 0 0 0 0 179
0 24722 2 14 16 6 3 1 0 0 0 0 0 238
0 24723 2 14 16 10 21 1 0 0 0 0 0 121
0 24724 2 14 16 14 1 1 0 0 0 0 0 160
0 24725 2 14 16 15 44 1 0 0 0 0 0 220
0 24726 2 14 16 20 6 1 0 0 0 0 0 88
0 24727 2 14 16 23 25 1 0 0 0 0 0 95
0 24728 2 15 16 2 39 1 0 0 0 0 0 131
0 24729 2 15 16 11 43 1 0 0 0 0 0 126
0 24730 2 15 16 15 55 1 0 0 0 0 0 199
0 24731 2 15 16 18 31 1 0 0 0 0 0 172
0 24732 2 15 16 21 3 1 0 0 0 0 0 210
0 24733 2 16 16 2 24 1 0 0 0 0 0 57
0 24734 2 16 16 9 43 1 0 0 0 0 0 229
0 24735 2 16 16 18 15 1 0 0 0 0 0 101
0 24736 2 16 16 21 12 1 0 0 0 0 0 322
0 24737 2 16 16 23 39 1 0 0 0 0 0 120
0 24738 2 17 16 0 50 1 0 0 0 0 0 94
0 24739 2 17 16 9 36 1 0 0 0 0 0 75
0 24740 2 17 16 13 52 1 0 0 0 0 0 115
0 24742 2 17 16 15 25 1 0 0 0 0 0 130
0 24743 2 17 16 18 58 1 0 0 0 0 0 90
0 24744 2 17 16 21 41 1 0 0 0 0 0 134
0 24745 2 17 16 23 36 1 0 0 0 0 0 271
0 24746 2 18 16 1 49 1 0 0 0 0 0 162
0 24747 2 18 16 12 48 1 0 0 0 0 0 98
0 24748 2 18 16 15 3 1 0 0 0 0 0 133
0 24749 2 18 16 18 31 1 0 0 0 0 0 98
0 24750 2 18 16 22 18 1 0 0 0 0 0 93
0 24751 2 18 16 23 28 1 0 0 0 0 0 88
0 24752 2 19 16 1 25 1 0 0 0 0 0 166
0 24753 2 19 16 9 41 1 0 0 0 0 0 103
0 24754 2 19 16 12 45 1 0 0 0 0 0 225
0 24755 2 19 16 20 55 1 0 0 0 0 0 123
0 24756 2 20 16 0 5 1 0 0 0 0 0 108
0 24757 2 20 16 0 56 1 0 0 0 0 0 99
0 24758 2 20 16 2 40 1 0 0 0 0 0 146
0 24759 2 20 16 9 31 1 0 0 0 0 0 53
0 24760 2 20 16 13 10 1 0 0 0 0 0 150
0 24761 2 21 16 0 48 1 0 0 0 0 0 103
0 24762 2 21 16 4 34 1 0 0 0 0 0 127
0 24763 2 21 16 8 45 1 0 0 0 0 0 169
0 24765 2 21 16 16 47 1 0 0 0 0 0 87
0 24766 2 21 16 18 8 1 0 0 0 0 0 133
0 24767 2 21 16 22 20 1 0 0 0 0 0 161
0 24768 2 22 16 0 37 1 0 0 0 0 0 80
0 24769 2 22 16 5 28 1 0 0 0 0 0 32
0 24770 2 22 16 5 28 1 0 0 0 0 0 57
0 24771 2 22 16 12 5 1 0 0 0 0 0 70
0 24772 2 22 16 14 18 1 0 0 0 0 0 99
0 24773 2 22 16 16 20 1 0 0 0 0 0 86
0 24774 2 22 16 22 55 1 0 0 0 0 0 325
0 24775 2 23 16 1 30 1 0 0 0 0 0 352
0 24776 2 23 16 3 32 1 0 0 0 0 0 268
0 24777 2 23 16 5 28 1 0 0 0 0 0 169
0 24778 2 23 16 13 4 1 0 0 0 0 0 119
0 24779 2 23 16 16 58 1 0 0 0 0 0 54
0 24780 2 24 16 0 43 1 0 0 0 0 0 73
0 24781 2 24 16 7 3 1 0 0 0 0 0 393
0 24782 2 24 16 8 19 1 0 0 0 0 0 296
0 24783 2 24 16 11 10 1 0 0 0 0 0 66
0 24784 2 24 16 13 32 1 0 0 0 0 0 220
0 24785 2 24 16 16 7 1 0 0 0 0 0 85
0 24786 2 24 16 17 58 1 0 0 0 0 0 191
0 24787 2 24 16 20 7 1 0 0 0 0 0 156
0 24788 2 24 16 21 40 1 0 0 0 0 0 168
0 24789 2 25 16 0 19 1 0 0 0 0 0 61
0 24790 2 25 16 7 33 1 0 0 0 0 0 266
0 24791 2 25 16 9 26 1 0 0 0 0 0 106
0 24792 2 25 16 11 21 1 0 0 0 0 0 203
0 24794 2 25 16 17 18 1 0 0 0 0 0 108
0 24795 2 25 16 23 22 1 0 0 0 0 0 163
0 24796 2 26 16 3 4 1 0 0 0 0 0 161
0 24797 2 26 16 12 1 1 0 0 0 0 0 99
0 24798 2 27 16 2 30 1 0 0 0 0 0 133
0 24799 2 27 16 4 30 1 0 0 0 0 0 100
0 24800 2 27 16 6 14 1 0 0 0 0 0 178
0 24801 2 27 16 11 23 1 0 0 0 0 0 228
0 24802 2 27 16 14 14 1 0 0 0 0 0 192
0 24803 2 27 16 15 56 1 0 0 0 0 0 171
0 24804 2 27 16 17 49 1 0 0 0 0 0 113
0 24805 2 27 16 21 27 1 0 0 0 0 0 68
0 24806 2 27 16 23 50 1 0 0 0 0 0 184
0 24807 2 28 16 0 57 1 0 0 0 0 0 177
0 24808 2 28 16 4 34 1 0 0 0 0 0 130
0 24809 2 28 16 6 18 1 0 0 0 0 0 298
0 24810 2 28 16 10 41 1 0 0 0 0 0 312
0 24811 2 28 16 15 33 1 0 0 0 0 0 118
0 24812 2 28 16 19 31 1 0 0 0 0 0 189
0 24813 2 28 16 23 17 1 0 0 0 0 0 276
0 24814 2 29 16 0 38 1 0 0 0 0 0 92
0 24815 2 29 16 2 36 1 0 0 0 0 0 86
0 24816 2 29 16 3 50 1 0 0 0 0 0 147
0 24817 2 29 16 14 34 1 0 0 0 0 0 260
0 24818 2 29 16 15 52 1 0 0 0 0 0 156
0 24819 2 29 16 19 22 1 0 0 0 0 0 98
0 24820 3 1 16 0 31 1 0 0 0 0 0 107
0 24821 3 1 16 5 18 1 0 0 0 0 0 260
0 24822 3 1 16 9 20 1 0 0 0 0 0 142
0 24823 3 1 16 19 4 1 0 0 0 0 0 116
0 24824 3 1 16 21 39 1 0 0 0 0 0 103
0 24825 3 2 16 5 58 1 0 0 0 0 0 163
0 24826 3 2 16 15 50 1 0 0 0 0 0 87
0 24827 3 2 16 20 37 1 0 0 0 0 0 83
0 24828 3 2 16 22 18 1 0 0 0 0 0 137
0 24829 3 3 16 3 28 1 0 0 0 0 0 230
0 24830 3 3 16 10 9 1 0 0 0 0 0 169
0 24831 3 3 16 18 30 1 0 0 0 0 0 68
0 24832 3 3 16 22 4 1 0 0 0 0 0 266
0 24833 3 4 16 3 18 1 0 0 0 0 0 82
0 24834 3 4 16 10 55 1 0 0 0 0 0 164
0 24835 3 4 16 16 1 1 0 0 0 0 0 109
0 24836 3 4 16 22 23 1 0 0 0 0 0 101
0 24837 3 5 16 2 31 1 0 0 0 0 0 236
0 24838 3 5 16 5 33 1 0 0 0 0 0 97
0 24839 3 5 16 8 44 1 0 0 0 0 0 222
0 24840 3 5 16 16 33 1 0 0 0 0 0 189
0 24841 3 5 16 19 37 1 0 0 0 0 0 163
0 24842 3 5 16 20 39 1 0 0 0 0 0 134
0 24843 3 5 16 23 11 1 0 0 0 0 0 118
0 24844 3 6 16 4 21 1 0 0 0 0 0 235
0 24845 3 6 16 10 5 1 0 0 0 0 0 83
0 24846 3 6 16 16 6 1 0 0 0 0 0 124
0 24847 3 7 16 2 47 1 0 0 0 0 0 254
0 24848 3 7 16 9 31 1 0 0 0 0 0 85
0 24849 3 7 16 18 43 1 0 0 0 0 0 35
0 24850 3 7 16 18 44 1 0 0 0 0 0 56
0 24851 3 7 16 20 58 1 0 0 0 0 0 80
0 24852 3 8 16 1 23 1 0 0 0 0 0 84
0 24853 3 8 16 3 29 1 0 0 0 0 0 131
0 24855 3 8 16 19 57 1 0 0 0 0 0 54
0 24856 3 8 16 22 22 1 0 0 0 0 0 67
0 24857 3 9 16 0 35 1 0 0 0 0 0 108
0 24859 3 9 16 5 35 1 0 0 0 0 0 50
0 24860 3 9 16 16 47 1 0 0 0 0 0 78
0 24861 3 9 16 22 6 1 0 0 0 0 0 85
0 24862 3 10 16 0 10 1 0 0 0 0 0 78
0 24863 3 10 16 5 24 1 0 0 0 0 0 143
0 24864 3 10 16 8 54 1 0 0 0 0 0 299
0 24865 3 10 16 18 11 1 0 0 0 0 0 114
0 24868 3 10 16 23 46 1 0 0 0 0 0 160
0 24869 3 11 16 3 0 1 0 0 0 0 0 279
0 24870 3 11 16 6 48 1 0 0 0 0 0 253
0 24871 3 11 16 11 30 1 0 0 0 0 0 150
0 24873 3 11 16 14 58 1 0 0 0 0 0 117
0 24874 3 11 16 19 45 1 0 0 0 0 0 103
0 24875 3 11 16 21 28 1 0 0 0 0 0 193
0 24876 3 12 16 4 35 1 0 0 0 0 0 103
0 24877 3 12 16 7 40 1 0 0 0 0 0 150
0 24878 3 12 16 14 24 1 0 0 0 0 0 334
0 24879 3 12 16 17 18 1 0 0 0 0 0 158
0 24880 3 12 16 19 28 1 0 0 0 0 0 194
0 24881 3 13 16 0 13 1 0 0 0 0 0 64
0 24882 3 13 16 3 41 1 0 0 0 0 0 135
0 24883 3 13 16 9 23 1 0 0 0 0 0 38
0 24884 3 13 16 17 34 1 0 0 0 0 0 206
0 24885 3 13 16 21 53 1 0 0 0 0 0 64
0 24886 3 14 16 0 51 1 0 0 0 0 0 55
0 24887 3 14 16 2 6 1 0 0 0 0 0 74
0 24888 3 14 16 4 33 1 0 0 0 0 0 208
0 24889 3 14 16 8 5 1 0 0 0 0 0 119
0 24890 3 14 16 16 45 1 0 0 0 0 0 90
0 24891 3 14 16 20 41 1 0 0 0 0 0 100
0 24892 3 15 16 2 4 1 0 0 0 0 0 89
0 24893 3 15 16 7 53 1 0 0 0 0 0 267
0 24894 3 15 16 11 28 1 0 0 0 0 0 56
0 24896 3 15 16 15 13 1 0 0 0 0 0 89
0 24897 3 15 16 18 6 1 0 0 0 0 0 99
0 24898 3 15 16 21 8 1 0 0 0 0 0 94
0 24899 3 16 16 1 28 1 0 0 0 0 0 313
0 24900 3 16 16 3 46 1 0 0 0 0 0 202
0 24901 3 16 16 16 7 1 0 0 0 0 0 264
0 24902 3 16 16 18 1 1 0 0 0 0 0 176
0 24903 3 16 16 22 30 1 0 0 0 0 0 150
0 24904 3 17 16 0 25 1 0 0 0 0 0 182
0 24905 3 17 16 2 1 1 0 0 0 0 0 86
0 24906 3 17 16 5 30 1 0 0 0 0 0 67
0 24907 3 17 16 11 31 1 0 0 0 0 0 139
0 24908 3 17 16 15 34 1 0 0 0 0 0 79
0 24910 3 17 16 23 37 1 0 0 0 0 0 91
0 24911 3 18 16 2 56 1 0 0 0 0 0 200
0 24912 3 18 16 8 53 1 0 0 0 0 0 67
0 24913 3 18 16 12 41 1 0 0 0 0 0 156
0 24914 3 18 16 16 48 1 0 0 0 0 0 126
0 24922 3 19 16 2 32 1 0 0 0 0 0 78
0 24923 3 19 16 9 41 1 0 0 0 0 0 151
0 24924 3 19 16 15 8 1 0 0 0 0 0 53
0 24925 3 20 16 1 21 1 0 0 0 0 0 75
0 24926 3 20 16 7 41 1 0 0 0 0 0 67
0 24927 3 20 16 13 54 1 0 0 0 0 0 92
0 24928 3 20 16 16 18 1 0 0 0 0 0 248
0 24929 3 20 16 20 5 1 0 0 0 0 0 54
0 24930 3 20 16 21 42 1 0 0 0 0 0 238
0 24931 3 21 16 0 4 1 0 0 0 0 0 181
0 24932 3 21 16 9 52 1 0 0 0 0 0 110
0 24933 3 21 16 16 40 1 0 0 0 0 0 115
0 24934 3 21 16 19 29 1 0 0 0 0 0 151
0 24935 3 21 16 23 55 1 0 0 0 0 0 70
0 24937 3 22 16 2 10 1 0 0 0 0 0 145
0 24938 3 22 16 14 6 1 0 0 0 0 0 168
0 24939 3 22 16 19 23 1 0 0 0 0 0 84
0 24940 3 23 16 0 14 1 0 0 0 0 0 256
0 24941 3 23 16 3 23 1 0 0 0 0 0 156
0 24942 3 23 16 10 51 1 0 0 0 0 0 62
0 24944 3 23 16 14 59 1 0 0 0 0 0 105
0 24945 3 23 16 18 3 1 0 0 0 0 0 142
0 24946 3 23 16 20 29 1 0 0 0 0 0 174
0 24947 3 24 16 0 43 1 0 0 0 0 0 120
0 24948 3 24 16 6 24 1 0 0 0 0 0 127
0 24949 3 24 16 14 21 1 0 0 0 0 0 89
0 24950 3 24 16 18 11 1 0 0 0 0 0 71
0 24951 3 24 16 22 30 1 0 0 0 0 0 95
0 24952 3 25 16 3 50 1 0 0 0 0 0 199
0 24953 3 25 16 12 34 1 0 0 0 0 0 141
0 24954 3 25 16 15 39 1 0 0 0 0 0 55
0 24955 3 25 16 19 29 1 0 0 0 0 0 187
0 24956 3 26 16 0 54 1 0 0 0 0 0 156
0 24957 3 26 16 8 28 1 0 0 0 0 0 91
0 24958 3 26 16 15 43 1 0 0 0 0 0 132
0 24959 3 26 16 20 20 1 0 0 0 0 0 289
0 24960 3 27 16 1 20 1 0 0 0 0 0 136
0 24961 3 27 16 2 57 1 0 0 0 0 0 105
0 24962 3 27 16 6 58 1 0 0 0 0 0 134
0 24963 3 27 16 14 29 1 0 0 0 0 0 201
0 24964 3 27 16 18 5 1 0 0 0 0 0 174
0 24965 3 27 16 22 31 1 0 0 0 0 0 214
0 24966 3 28 16 1 21 1 0 0 0 0 0 175
0 24967 3 28 16 3 47 1 0 0 0 0 0 305
0 24968 3 28 16 11 58 1 0 0 0 0 0 145
0 24969 3 28 16 16 49 1 0 0 0 0 0 149
0 24970 3 28 16 20 20 1 0 0 0 0 0 249
0 24972 3 29 16 0 12 1 0 0 0 0 0 148
0 24973 3 29 16 5 17 1 0 0 0 0 0 162
0 24974 3 29 16 13 2 1 0 0 0 0 0 169
0 24975 3 29 16 16 14 1 0 0 0 0 0 189
0 24976 3 29 16 17 59 1 0 0 0 0 0 110
0 24978 3 29 16 22 7 1 0 0 0 0 0 217
0 24979 3 29 16 23 19 1 0 0 0 0 0 218
0 24980 3 30 16 3 26 1 0 0 0 0 0 66
0 24981 3 30 16 11 37 1 0 0 0 0 0 109
0 24982 3 30 16 14 23 1 0 0 0 0 0 284
0 24983 3 30 16 15 53 1 0 0 0 0 0 197
0 24984 3 30 16 18 24 1 0 0 0 0 0 68
0 24985 3 31 16 0 6 1 0 0 0 0 0 88
0 24986 3 31 16 8 30 1 0 0 0 0 0 153
0 24987 3 31 16 14 58 1 0 0 0 0 0 103
0 24988 3 31 16 18 37 1 0 0 0 0 0 96
0 24989 4 1 16 0 27 1 0 0 0 0 0 131
0 24990 4 1 16 3 55 1 0 0 0 0 0 149
0 24991 4 1 16 12 12 1 0 0 0 0 0 123
0 24992 4 1 16 21 14 1 0 0 0 0 0 71
0 24993 4 2 16 1 34 1 0 0 0 0 0 111
0 24994 4 2 16 13 14 1 0 0 0 0 0 141
0 24995 4 2 16 19 55 1 0 0 0 0 0 60
0 24996 4 3 16 0 40 1 0 0 0 0 0 74
0 24997 4 3 16 7 34 1 0 0 0 0 0 174
0 24998 4 3 16 10 35 1 0 0 0 0 0 86
0 24999 4 3 16 11 13 1 0 0 0 0 0 105
0 25000 4 3 16 18 57 1 0 0 0 0 0 111
0 25001 4 3 16 20 46 1 0 0 0 0 0 108
0 25002 4 3 16 22 39 1 0 0 0 0 0 186
0 25003 4 4 16 6 22 1 0 0 0 0 0 187
0 25004 4 4 16 9 33 1 0 0 0 0 0 102
0 25005 4 4 16 13 20 1 0 0 0 0 0 207
0 25006 4 4 16 15 3 1 0 0 0 0 0 101
0 25007 4 4 16 19 45 1 0 0 0 0 0 98
0 25008 4 4 16 23 12 1 0 0 0 0 0 244
0 25009 4 4 16 23 13 1 0 0 0 0 0 240
0 25010 4 5 16 7 40 1 0 0 0 0 0 103
0 25011 4 5 16 11 50 1 0 0 0 0 0 233
0 25012 4 5 16 13 12 1 0 0 0 0 0 88
0 25013 4 5 16 14 19 1 0 0 0 0 0 102
0 25014 4 5 16 19 55 1 0 0 0 0 0 80
0 25016 4 6 16 0 10 1 0 0 0 0 0 101
0 25017 4 6 16 11 33 1 0 0 0 0 0 163
0 25018 4 6 16 14 19 1 0 0 0 0 0 119
0 25019 4 6 16 16 25 1 0 0 0 0 0 75
0 25020 4 6 16 19 7 1 0 0 0 0 0 122
0 25021 4 6 16 23 3 1 0 0 0 0 0 236
0 25022 4 7 16 0 54 1 0 0 0 0 0 136
0 25023 4 7 16 12 0 1 0 0 0 0 0 103
0 25024 4 7 16 14 57 1 0 0 0 0 0 166
0 25025 4 7 16 16 23 1 0 0 0 0 0 85
0 25026 4 7 16 20 52 1 0 0 0 0 0 75
0 25027 4 8 16 0 14 1 0 0 0 0 0 189
0 25028 4 8 16 12 3 1 0 0 0 0 0 59
0 25030 4 8 16 13 15 1 0 0 0 0 0 258
0 25031 4 8 16 15 28 1 0 0 0 0 0 143
0 25032 4 8 16 16 49 1 0 0 0 0 0 113
0 25033 4 8 16 18 38 1 0 0 0 0 0 164
0 25034 4 8 16 21 47 1 0 0 0 0 0 151
0 25035 4 9 16 1 59 1 0 0 0 0 0 187
0 25036 4 9 16 10 5 1 0 0 0 0 0 175
0 25040 4 9 16 14 50 1 0 0 0 0 0 220
0 25041 4 9 16 22 28 1 0 0 0 0 0 87
0 25042 4 9 16 23 57 1 0 0 0 0 0 176
0 25043 4 10 16 10 17 1 0 0 0 0 0 170
0 25044 4 10 16 14 13 1 0 0 0 0 0 42
0 25045 4 10 16 17 6 1 0 0 0 0 0 127
0 25046 4 10 16 22 26 1 0 0 0 0 0 209
0 25047 4 11 16 0 40 1 0 0 0 0 0 164
0 25048 4 11 16 9 34 1 0 0 0 0 0 129
0 25050 4 11 16 13 40 1 0 0 0 0 0 191
0 25051 4 11 16 15 15 1 0 0 0 0 0 115
0 25053 4 11 16 19 1 1 0 0 0 0 0 154
0 25054 4 11 16 23 51 1 0 0 0 0 0 178
0 25055 4 12 16 7 39 1 0 0 0 0 0 101
0 25056 4 12 16 10 1 1 0 0 0 0 0 93
0 25057 4 12 16 11 37 1 0 0 0 0 0 155
0 25058 4 12 16 15 36 1 0 0 0 0 0 78
0 25063 4 12 16 18 31 1 0 0 0 0 0 240
0 25064 4 12 16 19 50 1 0 0 0 0 0 78
0 25065 4 12 16 23 1 1 0 0 0 0 0 84
0 25066 4 13 16 0 47 1 0 0 0 0 0 152
0 25067 4 13 16 11 4 1 0 0 0 0 0 78
0 25068 4 13 16 13 48 1 0 0 0 0 0 73
0 25085 4 13 16 20 24 1 0 0 0 0 0 88
0 25087 4 14 16 1 6 1 0 0 0 0 0 142
0 25091 4 14 16 10 4 1 0 0 0 0 0 59
0 25094 4 14 16 14 23 1 0 0 0 0 0 87
0 25095 4 14 16 18 4 1 0 0 0 0 0 131
0 25096 4 14 16 20 13 1 0 0 0 0 0 179
0 25098 4 14 16 22 17 1 0 0 0 0 0 47
0 25099 4 15 16 0 39 1 0 0 0 0 0 154
0 25101 4 15 16 7 16 1 0 0 0 0 0 176
0 25103 4 15 16 13 11 1 0 0 0 0 0 100
0 25120 4 16 16 1 11 1 0 0 0 0 0 151
0 25125 4 16 16 5 16 1 0 0 0 0 0 146
0 25126 4 16 16 11 54 1 0 0 0 0 0 129
0 25135 4 16 16 16 54 1 0 0 0 0 0 246
0 25151 4 16 16 21 4 1 0 0 0 0 0 152
0 25161 4 17 16 3 17 1 0 0 0 0 0 59
0 25165 4 17 16 14 23 1 0 0 0 0 0 95
0 25166 4 17 16 16 51 1 0 0 0 0 0 142
0 25167 4 17 16 18 14 1 0 0 0 0 0 135
0 25168 4 17 16 22 14 1 0 0 0 0 0 117
0 25169 4 17 16 23 46 1 0 0 0 0 0 128
0 25171 4 18 16 6 27 1 0 0 0 0 0 116
0 25172 4 18 16 10 19 1 0 0 0 0 0 181
0 25173 4 18 16 13 37 1 0 0 0 0 0 78
0 25177 4 19 16 0 41 1 0 0 0 0 0 232
0 25178 4 19 16 11 12 1 0 0 0 0 0 182
0 25180 4 19 16 14 3 1 0 0 0 0 0 115
0 25183 4 19 16 19 22 1 0 0 0 0 0 82
0 25184 4 19 16 21 37 1 0 0 0 0 0 107
0 25185 4 19 16 22 48 1 0 0 0 0 0 111
0 25186 4 20 16 0 31 1 0 0 0 0 0 122
0 25187 4 20 16 2 15 1 0 0 0 0 0 229
0 25188 4 20 16 9 35 1 0 0 0 0 0 144
0 25189 4 20 16 11 36 1 0 0 0 0 0 60
0 25190 4 20 16 13 9 1 0 0 0 0 0 138
0 25192 4 20 16 16 49 1 0 0 0 0 0 107
0 25193 4 20 16 20 13 1 0 0 0 0 0 213
0 25194 4 20 16 22 44 1 0 0 0 0 0 77
0 25195 4 21 16 0 7 1 0 0 0 0 0 58
0 25196 4 21 16 1 45 1 0 0 0 0 0 123
0 25197 4 21 16 5 10 1 0 0 0 0 0 45
0 25198 4 21 16 7 42 1 0 0 0 0 0 85
0 25199 4 21 16 11 23 1 0 0 0 0 0 127
0 25200 4 21 16 12 25 1 0 0 0 0 0 199
0 25201 4 21 16 14 15 1 0 0 0 0 0 81
0 25202 4 21 16 16 50 1 0 0 0 0 0 105
0 25203 4 21 16 18 34 1 0 0 0 0 0 136
0 25204 4 22 16 0 8 1 0 0 0 0 0 46
0 25205 4 22 16 11 45 1 0 0 0 0 0 135
0 25206 4 22 16 14 49 1 0 0 0 0 0 97
0 25207 4 22 16 16 13 1 0 0 0 0 0 85
0 25208 4 22 16 19 19 1 0 0 0 0 0 225
0 25209 4 22 16 23 18 1 0 0 0 0 0 44
0 25210 4 23 16 3 1 1 0 0 0 0 0 134
0 25211 4 23 16 11 6 1 0 0 0 0 0 65
0 25212 4 23 16 12 26 1 0 0 0 0 0 79
0 25213 4 23 16 14 55 1 0 0 0 0 0 142
0 25214 4 23 16 17 34 1 0 0 0 0 0 120
0 25215 4 23 16 20 32 1 0 0 0 0 0 85
0 25216 4 23 16 23 36 1 0 0 0 0 0 116
0 25217 4 24 16 3 25 1 0 0 0 0 0 209
0 25218 4 24 16 10 13 1 0 0 0 0 0 126
0 25219 4 24 16 12 27 1 0 0 0 0 0 183
0 25221 4 24 16 14 17 1 0 0 0 0 0 142
0 25222 4 24 16 17 50 1 0 0 0 0 0 235
0 25223 4 24 16 20 25 1 0 0 0 0 0 88
0 25224 4 24 16 23 58 1 0 0 0 0 0 160
0 25225 4 25 16 6 25 1 0 0 0 0 0 170
0 25226 4 25 16 12 26 1 0 0 0 0 0 80
0 25227 4 25 16 15 3 1 0 0 0 0 0 189
0 25228 4 25 16 16 52 1 0 0 0 0 0 110
0 25229 4 25 16 21 12 1 0 0 0 0 0 79
0 25230 4 26 16 0 10 1 0 0 0 0 0 103
0 25231 4 26 16 9 0 1 0 0 0 0 0 116
0 25232 4 26 16 13 19 1 0 0 0 0 0 124
0 25233 4 26 16 14 45 1 0 0 0 0 0 216
0 25234 4 26 16 16 56 1 0 0 0 0 0 186
0 25235 4 26 16 19 5 1 0 0 0 0 0 74
0 25237 4 26 16 20 44 1 0 0 0 0 0 31
0 25239 4 26 16 21 26 1 0 0 0 0 0 99
0 25240 4 26 16 23 0 1 0 0 0 0 0 103
0 25241 4 27 16 0 27 1 0 0 0 0 0 62
0 25242 4 27 16 9 41 1 0 0 0 0 0 236
0 25243 4 27 16 13 0 1 0 0 0 0 0 79
0 25244 4 27 16 17 16 1 0 0 0 0 0 63
0 25245 4 27 16 18 48 1 0 0 0 0 0 192
0 25246 4 27 16 21 17 1 0 0 0 0 0 121
0 25247 4 27 16 23 41 1 0 0 0 0 0 72
0 25248 4 28 16 6 49 1 0 0 0 0 0 53
0 25249 4 28 16 10 30 1 0 0 0 0 0 69
0 25251 4 28 16 15 38 1 0 0 0 0 0 55
0 25252 4 28 16 18 18 1 0 0 0 0 0 135
0 25253 4 28 16 19 16 1 0 0 0 0 0 103
0 25254 4 28 16 21 14 1 0 0 0 0 0 211
0 25255 4 29 16 1 15 1 0 0 0 0 0 48
0 25256 4 29 16 8 12 1 0 0 0 0 0 358
0 25257 4 29 16 13 28 1 0 0 0 0 0 50
0 25258 4 29 16 14 36 1 0 0 0 0 0 206
0 25259 4 29 16 16 8 1 0 0 0 0 0 110
0 25260 4 29 16 17 22 1 0 0 0 0 0 121
0 25261 4 29 16 22 6 1 0 0 0 0 0 179
0 25262 4 29 16 23 31 1 0 0 0 0 0 129
0 25263 4 30 16 1 11 1 0 0 0 0 0 116
0 25264 4 30 16 4 56 1 0 0 0 0 0 31
0 25265 4 30 16 8 37 1 0 0 0 0 0 158
0 25266 4 30 16 10 37 1 0 0 0 0 0 137
0 25267 4 30 16 15 41 1 0 0 0 0 0 108
0 25268 4 30 16 19 11 1 0 0 0 0 0 261
0 25269 4 30 16 22 24 1 0 0 0 0 0 122
0 25270 5 1 16 0 1 1 0 0 0 0 0 105
0 25271 5 1 16 7 53 1 0 0 0 0 0 300
0 25272 5 1 16 10 45 1 0 0 0 0 0 84
0 25273 5 1 16 13 6 1 0 0 0 0 0 117
0 25274 5 1 16 14 34 1 0 0 0 0 0 57
0 25275 5 1 16 16 43 1 0 0 0 0 0 182
0 25276 5 1 16 18 47 1 0 0 0 0 0 98
0 25278 5 1 16 21 42 1 0 0 0 0 0 191
0 25279 5 2 16 1 11 1 0 0 0 0 0 193
0 25280 5 2 16 8 40 1 0 0 0 0 0 166
0 25281 5 2 16 10 57 1 0 0 0 0 0 179
0 25282 5 2 16 15 20 1 0 0 0 0 0 111
0 25283 5 2 16 18 4 1 0 0 0 0 0 182
0 25284 5 2 16 18 48 1 0 0 0 0 0 160
0 25285 5 2 16 20 30 1 0 0 0 0 0 176
0 25286 5 2 16 22 25 1 0 0 0 0 0 56
0 25287 5 2 16 23 58 1 0 0 0 0 0 141
0 25288 5 3 16 8 37 1 0 0 0 0 0 171
0 25289 5 3 16 11 34 1 0 0 0 0 0 66
0 25290 5 3 16 13 54 1 0 0 0 0 0 94
0 25291 5 3 16 15 14 1 0 0 0 0 0 94
0 25292 5 3 16 19 0 1 0 0 0 0 0 100
